QPX_v017_contig_23	sp|Q9P2D7|DYH1_HUMAN	48.478	2333	1144	22	1	6891	1955	4265	0.0	2205
QPX_v017_contig_24	sp|P51784|UBP11_HUMAN	35.892	443	262	8	1926	3230	145	573	2.40e-71	265
QPX_v017_contig_24	sp|P51784|UBP11_HUMAN	46.497	157	78	3	4764	5225	779	932	2.25e-35	152
QPX_v017_contig_32	sp|P37879|SYK_CRIGR	60.571	525	198	5	9177	7609	67	584	0.0	650
QPX_v017_contig_34	sp|Q0VGW6|S12A9_XENLA	31.163	860	530	21	6703	9132	42	889	2.72e-106	368
QPX_v017_contig_57	sp|Q5D892|MER3_ARATH	30.588	765	431	25	6095	8290	25	722	6.46e-77	285
QPX_v017_contig_61	sp|Q9FGI1|LTN1_ARATH	36.574	216	115	2	4434	3787	1679	1872	2.69e-41	173
QPX_v017_contig_63	sp|F4KAB8|MCM6_ARATH	50.073	687	282	9	2553	4607	38	665	0.0	640
QPX_v017_contig_69	sp|O22899|PRP43_ARATH	65.579	674	232	0	209	2230	43	716	0.0	897
QPX_v017_contig_70	sp|A0A3A6N9T6|SQWD_ACHSX	36.468	436	270	4	2105	3400	6	438	2.41e-82	285
